400 12.0
85.000000 0.000000
87.418844 2.747248
89.017842 5.600528
89.821650 8.490646
89.890648 11.355830
89.316234 14.146302
88.214456 16.827807
86.718376 19.383854
84.969629 21.816493
83.109687 24.145596
81.271328 26.406655
79.570846 28.647267
78.101421 30.922540
76.928045 33.289738
76.084277 35.802543
75.571008 38.505352
75.357252 41.428000
75.382916 44.581332
75.563326 47.953945
75.795220 51.510378
75.963816 55.190943
75.950501 58.913248
75.640668 62.575402
74.931210 66.060748
73.737217 69.243856
71.997475 71.997475
69.678433 74.199995
66.776437 75.743000
63.318085 76.538417
59.358740 76.524827
54.979292 75.672503
50.281409 73.986846
45.381597 71.509954
40.404436 68.320170
35.475451 64.529605
30.714039 60.279695
26.226917 55.735035
22.102470 51.075794
18.406344 46.489118
15.178534 42.160001
12.432121 38.262133
10.153693 34.949240
8.305405 32.347416
6.828484 30.548880
5.647938 29.607527
4.678127 29.536530
3.828806 30.308119
3.011239 31.855577
2.143963 34.077316
1.157832 36.842804
0.000000 40.000000
-1.363393 43.383872
-2.946010 46.825490
-4.741628 50.161186
-6.725933 53.241244
-8.859651 55.937633
-11.092770 58.150334
-13.369552 59.811936
-15.633952 60.890223
-17.835054 61.388659
-19.932121 61.344760
-21.898877 60.826470
-23.726705 59.926815
-25.426492 58.757156
-27.028964 57.439472
-28.583446 56.098171
-30.155090 54.851905
-31.820725 53.805907
-33.663569 53.045297
-35.767145 52.629756
-38.208782 52.589876
-41.053132 52.925379
-44.346154 53.605292
-48.109969 54.570048
-52.338966 55.735338
-56.997475 56.997475
-62.019190 58.239896
-67.308478 59.340405
-72.743540 60.178690
-78.181306 60.643637
-83.463816 60.640012
-88.425768 60.094090
-92.902793 58.957905
-96.740006 57.211880
-99.800332 54.865697
-101.972111 51.957386
-103.175525 48.550717
-103.367464 44.731096
-102.544502 40.600240
-100.743799 36.269999
-98.041838 31.855724
-94.551045 27.469618
-90.414461 23.214488
-85.798747 19.178292
-80.885909 15.429812
-75.864201 12.015709
-70.918717 8.959117
-66.222201 6.259841
-61.926594 3.896091
-58.155787 1.827619
-55.000000 0.000000
-52.512075 -1.650258
-50.705900 -3.190145
-49.557025 -4.684518
-49.005410 -6.190823
-48.960133 -7.754523
-49.305759 -9.405577
-49.909971 -11.156200
-50.632013 -13.000091
-51.331429 -14.913159
-51.876585 -16.855724
-52.152461 -18.776041
-52.067287 -20.614897
-51.557603 -22.310967
-50.591510 -23.806558
-49.169905 -25.053318
-47.325683 -26.017514
-45.120968 -26.684466
-42.642584 -27.061807
-39.996060 -27.181295
-37.298563 -27.098992
-34.671201 -26.893740
-32.231186 -26.663956
-30.084340 -26.522914
-28.318391 -26.592739
-26.997475 -26.997475
-26.158161 -27.855613
-25.807224 -29.272550
-25.921273 -31.333437
-26.448247 -34.096875
-27.310644 -37.589876
-28.410264 -41.804434
-29.634155 -46.695956
-30.861362 -52.183713
-31.970064 -58.153330
-32.844631 -64.461219
-33.382184 -70.940752
-33.498235 -77.409853
-33.131093 -83.679590
-32.244774 -89.563306
-30.830259 -94.885779
-28.905062 -99.491876
-26.511179 -103.254227
-23.711570 -106.079467
-20.585446 -107.912688
-17.222698 -108.739838
-13.717847 -108.587939
-10.163925 -107.523098
-6.646710 -105.646426
-3.239675 -103.088115
-0.000000 -100.000000
3.034113 -96.547047
5.844663 -92.898252
8.433536 -89.217489
10.820719 -85.654814
13.041174 -82.338735
15.140615 -79.369881
17.170502 -76.816411
19.182632 -74.711420
21.223701 -73.052457
23.330259 -71.803153
25.524432 -70.896838
27.810733 -70.241893
30.174213 -69.728492
32.580137 -69.236315
34.975224 -68.642742
37.290424 -67.831030
39.445074 -66.697977
41.352182 -65.160613
42.924528 -63.161524
44.081154 -60.672503
44.753856 -57.696323
44.893204 -54.266562
44.473693 -50.445502
43.497629 -46.320270
41.997475 -41.997475
40.036418 -37.596699
37.707072 -33.243256
35.128314 -29.060668
32.440396 -25.163351
29.798563 -21.649923
27.365512 -18.597583
25.303117 -16.057846
23.763878 -14.053918
22.882603 -12.579817
22.768803 -11.601284
23.500263 -11.058384
25.118184 -10.869609
27.624206 -10.937197
30.979509 -11.153310
35.106075 -11.406655
39.890071 -11.589137
45.187181 -11.602096
50.829600 -11.361762
56.634306 -10.803572
62.412167 -9.885116
67.977341 -8.587535
73.156474 -6.915323
77.797148 -4.894582
81.775131 -2.569887
85.000000 -0.000000
87.418844 2.747248
89.017842 5.600528
89.821650 8.490646
89.890648 11.355830
89.316234 14.146302
88.214456 16.827807
86.718376 19.383854
84.969629 21.816493
83.109687 24.145596
81.271328 26.406655
79.570846 28.647267
78.101421 30.922540
76.928045 33.289738
76.084277 35.802543
75.571008 38.505352
75.357252 41.428000
75.382916 44.581332
75.563326 47.953945
75.795220 51.510378
75.963816 55.190943
75.950501 58.913248
75.640668 62.575402
74.931210 66.060748
73.737217 69.243856
71.997475 71.997475
69.678433 74.199995
66.776437 75.743000
63.318085 76.538417
59.358740 76.524827
54.979292 75.672503
50.281409 73.986846
45.381597 71.509954
40.404436 68.320170
35.475451 64.529605
30.714039 60.279695
26.226917 55.735035
22.102470 51.075794
18.406344 46.489118
15.178534 42.160001
12.432121 38.262133
10.153693 34.949240
8.305405 32.347416
6.828484 30.548880
5.647938 29.607527
4.678127 29.536530
3.828806 30.308119
3.011239 31.855577
2.143963 34.077316
1.157832 36.842804
0.000000 40.000000
-1.363393 43.383872
-2.946010 46.825490
-4.741628 50.161186
-6.725933 53.241244
-8.859651 55.937633
-11.092770 58.150334
-13.369552 59.811936
-15.633952 60.890223
-17.835054 61.388659
-19.932121 61.344760
-21.898877 60.826470
-23.726705 59.926815
-25.426492 58.757156
-27.028964 57.439472
-28.583446 56.098171
-30.155090 54.851905
-31.820725 53.805907
-33.663569 53.045297
-35.767145 52.629756
-38.208782 52.589876
-41.053132 52.925379
-44.346154 53.605292
-48.109969 54.570048
-52.338966 55.735338
-56.997475 56.997475
-62.019190 58.239896
-67.308478 59.340405
-72.743540 60.178690
-78.181306 60.643637
-83.463816 60.640012
-88.425768 60.094090
-92.902793 58.957905
-96.740006 57.211880
-99.800332 54.865697
-101.972111 51.957386
-103.175525 48.550717
-103.367464 44.731096
-102.544502 40.600240
-100.743799 36.269999
-98.041838 31.855724
-94.551045 27.469618
-90.414461 23.214488
-85.798747 19.178292
-80.885909 15.429812
-75.864201 12.015709
-70.918717 8.959117
-66.222201 6.259841
-61.926594 3.896091
-58.155787 1.827619
-55.000000 0.000000
-52.512075 -1.650258
-50.705900 -3.190145
-49.557025 -4.684518
-49.005410 -6.190823
-48.960133 -7.754523
-49.305759 -9.405577
-49.909971 -11.156200
-50.632013 -13.000091
-51.331429 -14.913159
-51.876585 -16.855724
-52.152461 -18.776041
-52.067287 -20.614897
-51.557603 -22.310967
-50.591510 -23.806558
-49.169905 -25.053318
-47.325683 -26.017514
-45.120968 -26.684466
-42.642584 -27.061807
-39.996060 -27.181295
-37.298563 -27.098992
-34.671201 -26.893740
-32.231186 -26.663956
-30.084340 -26.522914
-28.318391 -26.592739
-26.997475 -26.997475
-26.158161 -27.855613
-25.807224 -29.272550
-25.921273 -31.333437
-26.448247 -34.096875
-27.310644 -37.589876
-28.410264 -41.804434
-29.634155 -46.695956
-30.861362 -52.183713
-31.970064 -58.153330
-32.844631 -64.461219
-33.382184 -70.940752
-33.498235 -77.409853
-33.131093 -83.679590
-32.244774 -89.563306
-30.830259 -94.885779
-28.905062 -99.491876
-26.511179 -103.254227
-23.711570 -106.079467
-20.585446 -107.912688
-17.222698 -108.739838
-13.717847 -108.587939
-10.163925 -107.523098
-6.646710 -105.646426
-3.239675 -103.088115
-0.000000 -100.000000
3.034113 -96.547047
5.844663 -92.898252
8.433536 -89.217489
10.820719 -85.654814
13.041174 -82.338735
15.140615 -79.369881
17.170502 -76.816411
19.182632 -74.711420
21.223701 -73.052457
23.330259 -71.803153
25.524432 -70.896838
27.810733 -70.241893
30.174213 -69.728492
32.580137 -69.236315
34.975224 -68.642742
37.290424 -67.831030
39.445074 -66.697977
41.352182 -65.160613
42.924528 -63.161524
44.081154 -60.672503
44.753856 -57.696323
44.893204 -54.266562
44.473693 -50.445502
43.497629 -46.320270
41.997475 -41.997475
40.036418 -37.596699
37.707072 -33.243256
35.128314 -29.060668
32.440396 -25.163351
29.798563 -21.649923
27.365512 -18.597583
25.303117 -16.057846
23.763878 -14.053918
22.882603 -12.579817
22.768803 -11.601284
23.500263 -11.058384
25.118184 -10.869609
27.624206 -10.937197
30.979509 -11.153310
35.106075 -11.406655
39.890071 -11.589137
45.187181 -11.602096
50.829600 -11.361762
56.634306 -10.803572
62.412167 -9.885116
67.977341 -8.587535
73.156474 -6.915323
77.797148 -4.894582
81.775131 -2.569887
